0	0.25302607	0.35428305	0.41503724	0.46298883	0.49581006	0.1801676	0.25861266	0.30796089	0.34334264	0.37011173	0.10637803	0.14781192	0.16945996	0.18878026	0.20041899
1	0.2527933	0.3594041	0.42271881	0.4622905	0.48859404	0.17760708	0.26187151	0.31727188	0.34916201	0.37337058	0.10102421	0.14292365	0.17248603	0.18924581	0.20088454
10	0.27839851	0.38128492	0.43924581	0.48393855	0.51629423	0.19599628	0.27676909	0.32425512	0.36429236	0.39129423	0.11638734	0.1599162	0.18435754	0.20437616	0.21764432
100	0.27467412	0.36452514	0.42621043	0.46298883	0.49534451	0.18878026	0.26536313	0.31401304	0.34543762	0.37360335	0.11080074	0.14455307	0.16457169	0.17853818	0.19064246
101	0.27048417	0.37662942	0.43389199	0.46973929	0.49627561	0.19622905	0.28072626	0.32844507	0.35707635	0.3777933	0.10428305	0.14548417	0.16759777	0.17760708	0.18784916
102	0.28701117	0.39594972	0.45321229	0.48696462	0.51047486	0.19716015	0.28538175	0.33566108	0.36405959	0.38454376	0.11429236	0.15828678	0.18226257	0.1957635	0.20600559
103	0.28794227	0.38989758	0.45344507	0.49604283	0.52281192	0.19809125	0.283054	0.33891993	0.3731378	0.3943203	0.11080074	0.158054	0.18808194	0.20693669	0.21648045
104	0.27141527	0.38058659	0.43691806	0.47439479	0.50814711	0.19599628	0.28631285	0.33054004	0.36010242	0.38896648	0.11336127	0.16061453	0.18319367	0.19622905	0.20926443
105	0.29189944	0.38919926	0.4457635	0.48626629	0.51885475	0.20367784	0.28095903	0.32378957	0.35824022	0.38291434	0.11662011	0.1589851	0.17690875	0.19506518	0.20484171
106	0.27700186	0.37639665	0.43319367	0.46485102	0.49697393	0.19599628	0.27770019	0.32192737	0.35055866	0.37476723	0.10893855	0.15432961	0.17714153	0.19273743	0.20623836
107	0.27979516	0.38105214	0.44273743	0.48486965	0.51513035	0.19110801	0.2702514	0.32565177	0.35800745	0.38291434	0.11010242	0.15130354	0.17574488	0.19157356	0.20297952
108	0.27816574	0.38524209	0.44320298	0.48277467	0.51187151	0.18738361	0.27513966	0.32216015	0.35614525	0.37942272	0.10637803	0.15316574	0.17178771	0.18924581	0.20065177
109	0.2702514	0.35637803	0.41131285	0.44622905	0.47253259	0.18505587	0.25814711	0.3014432	0.32821229	0.34916201	0.09939479	0.13896648	0.15945065	0.16969274	0.17970205
11	0.28328678	0.37360335	0.44110801	0.47718808	0.5	0.20065177	0.27071695	0.3235568	0.35824022	0.38058659	0.11545624	0.15456238	0.18249534	0.20018622	0.2113594	
110	0.24301676	0.31680633	0.36336127	0.3943203	0.42015829	0.16387337	0.23114525	0.26326816	0.28910615	0.31331471	0.0882216	0.12057728	0.13594041	0.14967412	0.16294227
111	0.24697393	0.3216946	0.3594041	0.38850093	0.41108007	0.15968343	0.22113594	0.25465549	0.27932961	0.29771881	0.08705773	0.11708566	0.13268156	0.14222533	0.15083799
112	0.29445996	0.3952514	0.45810056	0.50139665	0.52886406	0.19832402	0.28654562	0.33054004	0.36522346	0.39175978	0.1056797	0.14874302	0.16899441	0.18808194	0.20065177
113	0.29306331	0.39292365	0.45670391	0.49394786	0.516527	0.19203911	0.27676909	0.33147114	0.36615456	0.38663873	0.10358473	0.14874302	0.17295158	0.19040968	0.19832402
114	0.29702048	0.40223464	0.46066108	0.50023277	0.53095903	0.20367784	0.28538175	0.3363594	0.37290503	0.39641527	0.1103352	0.15107076	0.17667598	0.1939013	0.20554004
115	0.29678771	0.3961825	0.46904097	0.50349162	0.52979516	0.20623836	0.28258845	0.34310987	0.37662942	0.40013966	0.1094041	0.14827747	0.17574488	0.19064246	0.20228119
116	0.28445065	0.38337989	0.4429702	0.48021415	0.51233706	0.19599628	0.27607076	0.31820298	0.35055866	0.37802607	0.10521415	0.14781192	0.16503724	0.18040037	0.19227188
117	0.29958101	0.40572626	0.4660149	0.50512104	0.53212291	0.20065177	0.28468343	0.33449721	0.36731844	0.38733706	0.10824022	0.15456238	0.17597765	0.19343575	0.20297952
118	0.28817505	0.40060521	0.45763501	0.49208566	0.52234637	0.19320298	0.27630354	0.32588454	0.3556797	0.37895717	0.10195531	0.14990689	0.17202048	0.18738361	0.20041899
119	0.28747672	0.38733706	0.4448324	0.48417132	0.51443203	0.19110801	0.266527	0.31820298	0.35172253	0.37476723	0.10730912	0.14571695	0.16899441	0.18365922	0.19459963
12	0.29562384	0.40223464	0.46531657	0.50768156	0.5386406	0.20763501	0.3005121	0.35614525	0.38756983	0.41294227	0.1075419	0.15479516	0.18482309	0.20065177	0.21624767
120	0.24767225	0.33542831	0.391527	0.42877095	0.45228119	0.17202048	0.23230912	0.27327747	0.30446927	0.3216946	0.08077281	0.1103352	0.12756052	0.13989758	0.15037244
121	0.216946	0.28887337	0.33379888	0.36056797	0.38268156	0.15013966	0.20321229	0.24092179	0.26024209	0.27770019	0.06959963	0.09473929	0.11243017	0.12174115	0.12872439
122	0.18901304	0.26256983	0.30377095	0.32774674	0.35079143	0.13407821	0.18901304	0.22136872	0.24022346	0.26210428	0.06215084	0.08775605	0.10242086	0.11010242	0.11941341
123	0.18342644	0.25256052	0.29655493	0.32309125	0.33938547	0.12430168	0.17318436	0.20623836	0.22951583	0.24418063	0.05586592	0.07611732	0.09031657	0.09706704	0.10498138
124	0.28258845	0.38710428	0.44459963	0.47835196	0.50954376	0.18924581	0.27257914	0.3207635	0.34962756	0.37011173	0.10032588	0.14082868	0.16596834	0.18063315	0.18994413
125	0.28072626	0.38221601	0.43645251	0.47462756	0.50418994	0.19599628	0.26536313	0.31191806	0.34473929	0.36638734	0.09450652	0.12849162	0.15293296	0.16596834	0.17574488
126	0.27607076	0.39175978	0.43738361	0.47229981	0.49697393	0.19110801	0.27560521	0.31168529	0.34171322	0.36289572	0.10009311	0.14129423	0.16038175	0.17574488	0.18389199
127	0.2886406	0.38943203	0.4457635	0.4816108	0.51396648	0.1939013	0.27676909	0.32332402	0.35358473	0.37825885	0.10125698	0.13663873	0.16108007	0.17690875	0.18761639
128	0.2877095	0.38943203	0.44459963	0.48463687	0.51233706	0.19902235	0.27630354	0.3207635	0.35288641	0.37174115	0.10055866	0.13756983	0.15921788	0.17178771	0.1792365	
129	0.28002793	0.39408752	0.44832402	0.4853352	0.51326816	0.18831471	0.27886406	0.32378957	0.35498138	0.37872439	0.08845438	0.13035382	0.15549348	0.16876164	0.1792365	
13	0.28631285	0.38780261	0.44972067	0.49324953	0.52839851	0.19646182	0.27397579	0.33263501	0.36918063	0.39967412	0.10870577	0.14688082	0.17760708	0.19832402	0.21019553
130	0.29283054	0.39106145	0.4439013	0.48137803	0.51396648	0.19040968	0.27001862	0.31354749	0.34520484	0.37732775	0.09916201	0.13547486	0.15595903	0.16969274	0.18249534
131	0.283054	0.38337989	0.44995345	0.48719739	0.5146648	0.19622905	0.27932961	0.33030726	0.35917132	0.38128492	0.09869646	0.13919926	0.16480447	0.17760708	0.18715084
132	0.1433892	0.19064246	0.22160149	0.24790503	0.26699255	0.08496276	0.11824953	0.14408752	0.16689944	0.17993482	0.02583799	0.04050279	0.04958101	0.05586592	0.06028864
133	0.11731844	0.1608473	0.18784916	0.21019553	0.22579143	0.05819367	0.08985102	0.10730912	0.11964618	0.13151769	0.02164804	0.03258845	0.03910615	0.04422719	0.04911546
134	0.1056797	0.15316574	0.18528864	0.20949721	0.22090317	0.05121043	0.08100559	0.10148976	0.11987896	0.12849162	0.02001862	0.03049348	0.03957169	0.04352886	0.04771881
135	0.10195531	0.15456238	0.18272812	0.20740223	0.22253259	0.04795158	0.07937616	0.09939479	0.11615456	0.1277933	0.01769088	0.02863128	0.0377095	0.04259777	0.04725326
136	0.22043762	0.28445065	0.33356611	0.36056797	0.38175047	0.15432961	0.20391061	0.23882682	0.26047486	0.27537244	0.0716946	0.09380819	0.10637803	0.11336127	0.11824953
137	0.1985568	0.25558659	0.28957169	0.31494413	0.33705773	0.13477654	0.17667598	0.20274674	0.22369646	0.24092179	0.05446927	0.0698324	0.08333333	0.09054935	0.09683426
138	0.1755121	0.2288175	0.26396648	0.29096834	0.30889199	0.11801676	0.15828678	0.18575419	0.20321229	0.21671322	0.04911546	0.06587523	0.07565177	0.08263501	0.08868715
139	0.16643389	0.22602421	0.25954376	0.2858473	0.30679702	0.11243017	0.15595903	0.17783985	0.19902235	0.21554935	0.04422719	0.06075419	0.06866853	0.07588454	0.08147114
14	0.28258845	0.38640596	0.44902235	0.48882682	0.51815642	0.19972067	0.28561453	0.33752328	0.37267225	0.39897579	0.10824022	0.15153631	0.17970205	0.19902235	0.2150838	
140	0.24301676	0.32216015	0.36219739	0.39757914	0.42621043	0.16596834	0.22090317	0.25465549	0.28328678	0.30493482	0.08403166	0.10777467	0.11848231	0.13012104	0.13687151
141	0.23300745	0.30726257	0.35428305	0.38431099	0.41247672	0.16154562	0.21764432	0.2527933	0.27420857	0.29981378	0.07914339	0.10311918	0.11801676	0.1240689	0.13617318
142	0.23137803	0.30633147	0.34846369	0.38314711	0.40595903	0.15851955	0.21857542	0.25349162	0.27909683	0.29795158	0.07704842	0.09939479	0.11499069	0.12430168	0.13035382
143	0.23021415	0.29981378	0.3391527	0.37453445	0.39408752	0.15968343	0.2141527	0.2472067	0.2702514	0.28747672	0.08263501	0.10521415	0.11848231	0.1259311	0.13221601
15	0.27863128	0.38594041	0.43947858	0.48044693	0.51303538	0.19878957	0.28421788	0.32960894	0.36755121	0.39175978	0.10707635	0.15037244	0.17411546	0.1939013	0.20577281
16	0.30097765	0.40153631	0.45903166	0.49767225	0.52630354	0.20879888	0.29120112	0.34217877	0.37988827	0.40386406	0.11522346	0.15572626	0.17783985	0.19785847	0.21066108
17	0.30912477	0.41666667	0.4806797	0.5146648	0.54445996	0.21391993	0.30260708	0.35800745	0.3896648	0.41876164	0.11918063	0.16457169	0.18808194	0.20437616	0.21717877
18	0.2858473	0.39199255	0.45716946	0.5027933	0.52746741	0.19716015	0.28910615	0.34124767	0.37523277	0.39711359	0.1075419	0.15339851	0.17621043	0.19227188	0.20274674
19	0.3005121	0.40363128	0.46275605	0.49790503	0.52746741	0.21042831	0.29981378	0.34660149	0.3768622	0.40432961	0.11871508	0.16224395	0.18342644	0.19925512	0.2122905	
2	0.2344041	0.32285847	0.38570764	0.43156425	0.45810056	0.16224395	0.23277467	0.28514898	0.32053073	0.34567039	0.09031657	0.12290503	0.14920857	0.16829609	0.18249534
20	0.3042365	0.40851955	0.46205773	0.5	0.52839851	0.2160149	0.29608939	0.34287709	0.37849162	0.40642458	0.12150838	0.16876164	0.19343575	0.20903166	0.22439479
21	0.29841713	0.40176909	0.45903166	0.49953445	0.52583799	0.21252328	0.29399441	0.33845438	0.37267225	0.3961825	0.12243948	0.16620112	0.18831471	0.20484171	0.21648045
22	0.29795158	0.39804469	0.45391061	0.49534451	0.52094972	0.20158287	0.28514898	0.33449721	0.37453445	0.39851024	0.10917132	0.15037244	0.17341713	0.1939013	0.20693669
23	0.29515829	0.40712291	0.47253259	0.51233706	0.53933892	0.20903166	0.29888268	0.35125698	0.38594041	0.4099162	0.12127561	0.16620112	0.1957635	0.21438547	0.22486034
24	0.29283054	0.40386406	0.45856611	0.49767225	0.52653631	0.20530726	0.29236499	0.3382216	0.37243948	0.39851024	0.10870577	0.15293296	0.17504655	0.18784916	0.20135009
25	0.29934823	0.39106145	0.44785847	0.483473	0.51000931	0.20926443	0.28351955	0.33147114	0.36219739	0.38407821	0.1066108	0.14199255	0.1617784	0.17202048	0.18156425
26	0.27793296	0.37546555	0.4255121	0.45903166	0.4816108	0.18575419	0.26419926	0.30446927	0.33030726	0.34986034	0.09520484	0.13547486	0.15456238	0.16340782	0.17202048
27	0.26582868	0.36149907	0.41527002	0.44436685	0.47043762	0.1783054	0.2527933	0.29608939	0.32402235	0.34776536	0.09543762	0.13035382	0.15246741	0.16620112	0.1783054	
28	0.29818436	0.41061453	0.46205773	0.4981378	0.52537244	0.20507449	0.29376164	0.34078212	0.37150838	0.39711359	0.10451583	0.15083799	0.17411546	0.18715084	0.20041899
29	0.28119181	0.39757914	0.45391061	0.48975791	0.51489758	0.19622905	0.27793296	0.32681564	0.3603352	0.38314711	0.10195531	0.1452514	0.16829609	0.18249534	0.19273743
3	0.23230912	0.3235568	0.38384544	0.42248603	0.44553073	0.15735568	0.23300745	0.283054	0.31517691	0.33682495	0.08891993	0.13128492	0.16061453	0.17527933	0.18668529
30	0.29236499	0.39990689	0.45786778	0.49674115	0.52281192	0.19925512	0.29469274	0.34497207	0.375	0.40176909	0.10498138	0.15246741	0.17783985	0.19110801	0.20181564
31	0.29795158	0.40502793	0.46391993	0.50395717	0.53351955	0.20228119	0.28561453	0.33752328	0.37127561	0.39478585	0.10777467	0.14455307	0.16852886	0.18249534	0.1929702	
32	0.29585661	0.40386406	0.45530726	0.49743948	0.51978585	0.20530726	0.29632216	0.33868715	0.37011173	0.39199255	0.10218808	0.14944134	0.16829609	0.18156425	0.19320298
33	0.28933892	0.39082868	0.45414339	0.49394786	0.52374302	0.1994879	0.28328678	0.33216946	0.37174115	0.39711359	0.10311918	0.141527	0.16666667	0.18738361	0.19972067
34	0.2886406	0.38780261	0.45018622	0.48649907	0.51908752	0.1994879	0.27723464	0.33286778	0.36475791	0.39548417	0.1056797	0.14548417	0.17225326	0.18528864	0.19995345
35	0.28910615	0.40316574	0.46112663	0.49627561	0.52048417	0.19785847	0.29445996	0.33938547	0.36918063	0.39036313	0.10498138	0.15270019	0.17411546	0.18738361	0.19599628
36	0.20740223	0.28445065	0.32774674	0.35218808	0.37523277	0.1424581	0.20135009	0.23510242	0.25581937	0.27490689	0.05912477	0.08310056	0.09776536	0.10544693	0.11475791
37	0.16899441	0.233473	0.27048417	0.29469274	0.31773743	0.11080074	0.15921788	0.18831471	0.21182495	0.2306797	0.04515829	0.06494413	0.07728119	0.08659218	0.09427374
38	0.16387337	0.22160149	0.2509311	0.28119181	0.3051676	0.10963687	0.15246741	0.17760708	0.19972067	0.21648045	0.03631285	0.0533054	0.06121974	0.06913408	0.07891061
39	0.1627095	0.22392924	0.25837989	0.28282123	0.30540037	0.10544693	0.15549348	0.17783985	0.19902235	0.21345438	0.03794227	0.05726257	0.06587523	0.0744879	0.08077281
4	0.27956238	0.38105214	0.43179702	0.45810056	0.49185289	0.19110801	0.27397579	0.31587523	0.34217877	0.36778399	0.12360335	0.16806331	0.18738361	0.20065177	0.21298883
40	0.25488827	0.34497207	0.39897579	0.43482309	0.45972998	0.17411546	0.23905959	0.28002793	0.30912477	0.33356611	0.08077281	0.10591248	0.12383613	0.13710428	0.14781192
41	0.24138734	0.33496276	0.38291434	0.41480447	0.44599628	0.16224395	0.23044693	0.27211359	0.29678771	0.3216946	0.07867784	0.11010242	0.12895717	0.1433892	0.15526071
42	0.23905959	0.32053073	0.36452514	0.40689013	0.43179702	0.16503724	0.22439479	0.26675978	0.29376164	0.31494413	0.08193669	0.10870577	0.12639665	0.13826816	0.14688082
43	0.2353352	0.31610801	0.36522346	0.40037244	0.4255121	0.1599162	0.21950652	0.26140596	0.28957169	0.31354749	0.07518622	0.10288641	0.11871508	0.13151769	0.141527	
44	0.26443203	0.35055866	0.40572626	0.44203911	0.46787709	0.17783985	0.24115456	0.28654562	0.3179702	0.3400838	0.08449721	0.11452514	0.13524209	0.14874302	0.15642458
45	0.2655959	0.35335196	0.40339851	0.43691806	0.46904097	0.17341713	0.24138734	0.27979516	0.31284916	0.33705773	0.08077281	0.10963687	0.1259311	0.13780261	0.14827747
46	0.25977654	0.35195531	0.40828678	0.44320298	0.46880819	0.17434823	0.24767225	0.28608007	0.31703911	0.33891993	0.07867784	0.11149907	0.12662942	0.13756983	0.14664804
47	0.26815642	0.36243017	0.40735568	0.44320298	0.47067039	0.17574488	0.2481378	0.28538175	0.31540968	0.341946	0.0891527	0.11964618	0.13687151	0.14851024	0.16061453
48	0.27397579	0.37732775	0.43319367	0.47229981	0.50418994	0.19110801	0.27886406	0.32565177	0.35870577	0.38780261	0.11266294	0.15432961	0.1783054	0.19646182	0.21205773
49	0.2509311	0.35265363	0.41689944	0.45996276	0.49115456	0.18365922	0.26443203	0.31494413	0.35009311	0.37616387	0.10777467	0.15432961	0.17574488	0.19273743	0.20484171
5	0.29003724	0.39222533	0.45065177	0.49278399	0.51675978	0.2160149	0.29608939	0.34613594	0.3777933	0.40270019	0.1268622	0.17225326	0.19692737	0.21205773	0.22299814
50	0.24301676	0.32751397	0.38919926	0.42458101	0.44995345	0.16247672	0.23626629	0.28840782	0.3179702	0.34031657	0.09217877	0.12918994	0.15200186	0.16783054	0.17946927
51	0.21671322	0.30283985	0.3575419	0.39641527	0.42481378	0.14501862	0.21950652	0.26094041	0.29283054	0.31680633	0.07565177	0.11731844	0.14036313	0.15339851	0.16457169
52	0.29166667	0.38058659	0.44040968	0.47439479	0.50069832	0.20577281	0.27467412	0.32681564	0.35777467	0.37872439	0.12174115	0.15875233	0.18668529	0.20204842	0.21368715
53	0.28095903	0.37918994	0.43086592	0.4632216	0.49394786	0.20367784	0.28654562	0.32867784	0.3566108	0.38314711	0.11987896	0.16620112	0.18435754	0.20018622	0.21275605
54	0.27886406	0.38780261	0.45158287	0.48789572	0.5211825	0.19459963	0.28375233	0.3391527	0.37150838	0.39734637	0.11080074	0.15945065	0.18831471	0.20554004	0.216946	
55	0.27793296	0.37430168	0.43901304	0.48207635	0.51629423	0.1939013	0.27886406	0.32751397	0.36056797	0.38594041	0.11243017	0.15782123	0.18226257	0.1994879	0.2122905	
56	0.29864991	0.39920857	0.46275605	0.5018622	0.5202514	0.20786778	0.28887337	0.34404097	0.38081937	0.40176909	0.11592179	0.15712291	0.18528864	0.20367784	0.21391993
57	0.28119181	0.3768622	0.43575419	0.46973929	0.49767225	0.19459963	0.27583799	0.32472067	0.35614525	0.37965549	0.11801676	0.16573557	0.18971136	0.20786778	0.21973929
58	0.28235568	0.37872439	0.43971136	0.47998138	0.50628492	0.20391061	0.27723464	0.3235568	0.35591248	0.38244879	0.1231378	0.1589851	0.18226257	0.19785847	0.2122905	
59	0.31401304	0.40689013	0.46741155	0.49860335	0.52607076	0.22276536	0.30260708	0.35405028	0.38477654	0.41294227	0.13407821	0.17714153	0.20391061	0.22043762	0.23207635
6	0.27094972	0.38384544	0.44087523	0.48393855	0.51373371	0.18994413	0.28258845	0.32937616	0.36429236	0.38803538	0.11010242	0.15619181	0.17946927	0.1948324	0.20507449
60	0.28654562	0.39082868	0.45740223	0.50139665	0.53002793	0.1939013	0.28468343	0.34217877	0.37988827	0.40246741	0.10451583	0.15479516	0.18272812	0.20181564	0.21112663
61	0.28165736	0.38524209	0.45135009	0.48929236	0.51769088	0.19250466	0.28095903	0.33263501	0.36662011	0.38943203	0.09869646	0.14664804	0.17388268	0.19203911	0.20367784
62	0.28328678	0.38198324	0.43459032	0.466946	0.49301676	0.18994413	0.26815642	0.31959963	0.34869646	0.37360335	0.09567039	0.13687151	0.16573557	0.17946927	0.19040968
63	0.28142458	0.36755121	0.41666667	0.45507449	0.48812849	0.20018622	0.27327747	0.31378026	0.34473929	0.36941341	0.1075419	0.14408752	0.16573557	0.18133147	0.19157356
64	0.28933892	0.3961825	0.45786778	0.50162942	0.53189013	0.20251397	0.28095903	0.33333333	0.36941341	0.39781192	0.11080074	0.15665736	0.18272812	0.19925512	0.21298883
65	0.29236499	0.40526071	0.4660149	0.50884544	0.5386406	0.20344507	0.29585661	0.35055866	0.38710428	0.41317505	0.11219739	0.1608473	0.18621974	0.20274674	0.21485102
66	0.29492551	0.40270019	0.46531657	0.50558659	0.54189944	0.20251397	0.28794227	0.34217877	0.38058659	0.41154562	0.10777467	0.15386406	0.17807263	0.19809125	0.20972998
67	0.3023743	0.40945065	0.47323091	0.52048417	0.55074488	0.21275605	0.29632216	0.34567039	0.38687151	0.4136406	0.11266294	0.15432961	0.1764432	0.19506518	0.20740223
68	0.29213222	0.3961825	0.45367784	0.4853352	0.5146648	0.20088454	0.28468343	0.33659218	0.36918063	0.3933892	0.1075419	0.15409683	0.17621043	0.19366853	0.20484171
69	0.28049348	0.391527	0.45274674	0.49767225	0.52607076	0.19553073	0.27304469	0.32751397	0.36219739	0.38756983	0.1103352	0.14897579	0.17574488	0.19017691	0.20251397
7	0.28514898	0.39362197	0.45391061	0.49324953	0.52351024	0.20111732	0.28561453	0.34148045	0.37290503	0.39781192	0.12243948	0.17085661	0.19739292	0.21252328	0.22509311
70	0.30097765	0.41061453	0.47555866	0.51350093	0.53817505	0.20554004	0.30190875	0.35614525	0.38454376	0.40758845	0.1094041	0.15526071	0.17783985	0.1939013	0.20577281
71	0.30097765	0.39920857	0.46345438	0.5018622	0.53282123	0.20879888	0.29120112	0.34939479	0.37965549	0.40432961	0.11731844	0.1617784	0.18854749	0.20251397	0.21252328
72	0.28375233	0.37034451	0.42178771	0.46042831	0.48859404	0.19366853	0.26792365	0.31354749	0.34380819	0.36778399	0.091946	0.13291434	0.15363128	0.17039106	0.1810987	
73	0.26326816	0.34892924	0.39408752	0.42271881	0.44809125	0.17877095	0.24231844	0.27630354	0.30307263	0.3226257	0.09078212	0.1231378	0.14036313	0.15432961	0.16108007
74	0.22951583	0.30586592	0.35265363	0.38756983	0.41201117	0.15619181	0.21648045	0.25325885	0.28002793	0.30097765	0.08496276	0.11359404	0.12872439	0.1424581	0.15316574
75	0.23417132	0.30656425	0.35102421	0.38291434	0.40875233	0.1636406	0.22183426	0.25325885	0.2849162	0.30470205	0.08659218	0.11708566	0.13407821	0.1461825	0.15479516
76	0.29632216	0.39641527	0.44972067	0.49394786	0.5174581	0.20204842	0.27676909	0.32681564	0.35963687	0.38128492	0.10777467	0.14222533	0.16527002	0.1810987	0.19273743
77	0.29050279	0.40456238	0.45716946	0.5	0.52863128	0.20135009	0.2877095	0.33659218	0.3722067	0.39594972	0.09962756	0.14129423	0.16410615	0.1820298	0.18971136
78	0.29096834	0.40223464	0.46741155	0.5	0.53072626	0.19878957	0.2849162	0.33705773	0.36941341	0.3961825	0.09986034	0.14455307	0.16899441	0.18505587	0.19716015
79	0.30400372	0.41154562	0.46461825	0.50349162	0.53189013	0.21205773	0.29306331	0.34054935	0.37430168	0.40060521	0.10614525	0.14664804	0.16899441	0.18668529	0.1994879	
8	0.26536313	0.3722067	0.42900372	0.46089385	0.49068901	0.18715084	0.27211359	0.31936685	0.3538175	0.37616387	0.10195531	0.14781192	0.17132216	0.18761639	0.1976257	
80	0.29445996	0.39990689	0.45414339	0.48952514	0.52164804	0.19553073	0.28189013	0.32565177	0.36080074	0.38919926	0.09986034	0.13826816	0.15758845	0.17248603	0.18808194
81	0.29236499	0.3961825	0.45530726	0.49674115	0.52770019	0.20065177	0.28095903	0.33193669	0.36941341	0.39734637	0.09986034	0.13547486	0.1608473	0.17760708	0.19250466
82	0.28631285	0.3943203	0.45158287	0.49022346	0.51792365	0.19972067	0.28258845	0.33193669	0.36685289	0.38710428	0.09962756	0.13710428	0.15758845	0.17574488	0.1820298	
83	0.29306331	0.40130354	0.45949721	0.4972067	0.52164804	0.1929702	0.28189013	0.33030726	0.36894786	0.38850093	0.09823091	0.1424581	0.16736499	0.18249534	0.19110801
84	0.17783985	0.23556797	0.26885475	0.29399441	0.31540968	0.11848231	0.16154562	0.18691806	0.21066108	0.22765363	0.0514432	0.06773743	0.07914339	0.08961825	0.09776536
85	0.15200186	0.20530726	0.23859404	0.25837989	0.27886406	0.09613594	0.13524209	0.16061453	0.17504655	0.19366853	0.03538175	0.05004655	0.05819367	0.06308194	0.07053073
86	0.13803538	0.18598696	0.22020484	0.24162011	0.25721601	0.08054004	0.11685289	0.141527	0.15712291	0.16899441	0.03212291	0.04655493	0.05377095	0.05982309	0.06494413
87	0.13012104	0.18133147	0.20693669	0.23021415	0.24837058	0.07565177	0.11149907	0.12756052	0.14664804	0.158054	0.02560521	0.04027002	0.04608939	0.05377095	0.05772812
88	0.23766294	0.31540968	0.36429236	0.40200186	0.42970205	0.16573557	0.22835196	0.26303538	0.29213222	0.31447858	0.0735568	0.10032588	0.11615456	0.12918994	0.13873371
89	0.22509311	0.29306331	0.34334264	0.3768622	0.40293296	0.15502793	0.21042831	0.25372439	0.27746741	0.29771881	0.06750466	0.0900838	0.10451583	0.11196462	0.12127561
9	0.26489758	0.37616387	0.43505587	0.47718808	0.50768156	0.19343575	0.28072626	0.32984171	0.36452514	0.3905959	0.11359404	0.1617784	0.18552142	0.20321229	0.21671322
90	0.21904097	0.28933892	0.33054004	0.36429236	0.38756983	0.14711359	0.20041899	0.2344041	0.26280261	0.28258845	0.06494413	0.0900838	0.10451583	0.11662011	0.12360335
91	0.21159218	0.28887337	0.33286778	0.3594041	0.37918994	0.14129423	0.20437616	0.23859404	0.25907821	0.27583799	0.06657356	0.09054935	0.10335196	0.11173184	0.12034451
92	0.25581937	0.33868715	0.39315642	0.43459032	0.45856611	0.16969274	0.23184358	0.27630354	0.30912477	0.32914339	0.08123836	0.10893855	0.12523277	0.14222533	0.15083799
93	0.24860335	0.33845438	0.39385475	0.42946927	0.45786778	0.16899441	0.23370577	0.27676909	0.3060987	0.33170391	0.07704842	0.11359404	0.13594041	0.14711359	0.15689013
94	0.25395717	0.33449721	0.38500931	0.41666667	0.44157356	0.17178771	0.23510242	0.27583799	0.30586592	0.32937616	0.08403166	0.11056797	0.12965549	0.1424581	0.15363128
95	0.25256052	0.33775605	0.37965549	0.41969274	0.44739292	0.17085661	0.22998138	0.26815642	0.30074488	0.32285847	0.08147114	0.10707635	0.12383613	0.13524209	0.14501862
96	0.2711825	0.36545624	0.42458101	0.46066108	0.49092179	0.19064246	0.26256983	0.31284916	0.34567039	0.37267225	0.10730912	0.14548417	0.17714153	0.19157356	0.20158287
97	0.25046555	0.34776536	0.4099162	0.44320298	0.46950652	0.17318436	0.25675047	0.30982309	0.34078212	0.36219739	0.09986034	0.14362197	0.17318436	0.18901304	0.19809125
98	0.22183426	0.30563315	0.36196462	0.39408752	0.42015829	0.15526071	0.23091248	0.27281192	0.30121043	0.32402235	0.08496276	0.12174115	0.14688082	0.16201117	0.17132216
99	0.20810056	0.29864991	0.34473929	0.37546555	0.39897579	0.14664804	0.21554935	0.25372439	0.27886406	0.29632216	0.07704842	0.11243017	0.13105214	0.14292365	0.15013966
